"Participant" "Age" "BPVS" "FixStartRel"
"P01Task1" 43 28 642.48
"P02Tas1" 42 40 769.724
"P03Task1" 46 51 797.137166666667
"P04Task2" 39 35 671.78025
"P05Task2" 26 30 1268.89983333333
"P06Task2" 34 44 795.564
"P07Task1" 35 37 748.642
"P08Task1" 30 12 258.978
"P09Task1" 36 47 905.9553
"P100Task2" 37 33 618.299142857143
"P101Task2" 48 43 833.0144
"P102Task2" 48 41 904.4805
"P103Task1" 41 73 497.774166666667
"P104Task1" 35 30 787.8125
"P105Task1" 56 56 701.468333333333
"P106Task2" 40 40 463.648428571429
"P107Task2" 44 42 847.736
"P108Task2" 50 49 893.3386
"P10Task2" 35 30 1043.18675
"P110Task1" 43 43 790.25775
"P111Task1" 44 37 688.4404
"P112Task2" 35 26 780.663
"P113Task2" 47 39 665.786111111111
"P114Task2" 47 67 656.6564
"P115Task1" 55 48 859.313125
"P116Task1" 30 34 1255.31711111111
"P117Task1" 32 26 945.893
"P118Task2" 34 35 596.131
"P119Task2" 31 29 874.724833333333
"P11Task2" 24 23 891.469
"P120Task2" 26 19 372.7535
"P121Task1" 58 55 588.439888888889
"P122Task1" 55 54 650.410166666667
"P123Task1" 52 51 821.6153
"P124Task2" 57 66 527.300142857143
"P125Task2" 53 51 809.351571428571
"P126Task2" 39 48 734.492
"P127Task1" 37 30 680.94125
"P129Task1" 28 24 1161.3698
"P12Task2" 32 40 792.084166666667
"P130Task2" 56 75 550.790285714286
"P131Task2" 61 57 621.094333333333
"P132Task2" 60 72 471.294857142857
"P133Task1" 27 12 1091.4535
"P134Task1" 34 29 1039.965
"P135Task1" 29 32 901.994
"P136Task2" 56 61 677.95175
"P137Task2" 54 70 395.903857142857
"P138Task2" 61 46 472.466222222222
"P139Task1" 27 23 1096.91314285714
"P140Task1" 29 15 730.77525
"P141Task1" 32 22 736.83
"P142Task2" 60 49 613.615142857143
"P143Task2" 28 25 520.8035
"P144Task2" 49 58 893.86875
"P145Task1" 31 35 442.02125
"P146Task1" 27 35 717.2465
"P147Task1" 28 28 784.737
"P148Task2" 27 17 603.05325
"P149Task2" 29 32 851.63375
"P14Task1" 45 19 633.435428571429
"P150Task2" 34 29 774.436666666667
"P151Task1" 24 27 546.179
"P152Task1" 33 14 830.76225
"P153Task1" 44 38 935.7308
"P154Task2" 34 39 990.994
"P155Task2" 32 33 839.26825
"P156Task2" 33 23 626.36375
"P157Task1" 26 24 382.738
"P158Task1" 41 37 941.3288
"P159Task1" 44 44 650.8924
"P15Task1" 43 40 788.322333333333
"P160Task2" 33 53 659.9585
"P161Task2" 47 57 959.9664
"P162Task2" 39 34 796.296714285714
"P163Task1" 30 28 1034.951
"P164Task1" 44 62 849.979375
"P165Task1" 45 60 399.224333333333
"P166Task2" 48 44 606.497166666667
"P167Task2" 51 40 680.520428571429
"P168Task2" 45 42 623.194222222222
"P169Task1" 36 34 695.508833333333
"P16Task2" 47 37 824.8588
"P170Task1" 51 52 700.4686
"P171Task1" 62 58 673.459888888889
"P172Task2" 62 72 787.959875
"P173Task2" 62 57 601.991857142857
"P175Task1" 36 39 891.0285
"P176Task1" 53 53 767.528166666667
"P177Task1" 58 79 709.805
"P178Task2bis" 57 62 761.047428571429
"P179Task2" 62 58 864.6664
"P17Task2" 45 55 898.932428571429
"P180Task2" 57 84 530.325333333333
"P181Task1bis" 36 38 970.573833333333
"P182Task1" 55 50 822.448
"P183Task1" 62 71 536.842333333333
"P184Task2" 65 56 599.959142857143
"P185Task2" 48 37 1061.68366666667
"P186Task2" 48 31 852.318
"P187Task1" 46 53 843.310333333333
"P188Task1" 49 42 702.214333333333
"P189Task1" 48 45 723.149285714286
"P192Task2" 49 56 852.260666666667
"P193Task1" 40 36 921.7478
"P198Task2" 60 71 583.122333333333
"P199Task1" 41 49 1041.217
"P19Task1" 44 41 901.130428571429
"P200Task1" 31 22 1257.518
"P201Task1" 31 20 1099.9815
"P202Task1" 25 28 1104.33366666667
"P203Task2" 35 20 961.25075
"P204Task2" 26 21 613.2346
"P205Task2" 33 29 101.905
"P206Task1" 30 24 744.584
"P207Task1" 34 33 811.8418
"P208Task1" 34 23 604.93325
"P209Task2" 31 24 713.0078
"P20Task1" 50 48 529.680166666667
"P210Task2" 28 17 937.477833333333
"P211Task2" 25 12 694.169
"P212Task1" 26 8 1138.40275
"P213Task1" 33 21 1031.258
"P214Task1" 24 17 795.140666666667
"P215Task2" 26 19 1052.96066666667
"P216Task2" 32 21 740.8578
"P217Task2" 24 2 850.338142857143
"P21Task1" 52 69 686.406666666667
"P22Task2" 38 30 669.9744
"P23Task2" 51 53 639.6616
"P24Task2" 41 58 980.4336
"P25Task1" 57 44 658.45825
"P26Task1" 54 55 764.711166666667
"P27Task1" 41 30 734.273571428571
"P28Task2" 48 38 894.4904
"P29Task2" 48 52 593.5485
"P300Task1" 44 47 892.061
"P301Task1" 37 23 822.9255
"P302Task1" 47 46 676.6505
"P304Task2" 37 40 358.284
"P305Task2" 36 34 947.717
"P306Task2" 44 50 643.704428571429
"P30Task2" 39 32 411.3175
"P31Task1" 50 72 478.443285714286
"P32Task1" 37 38 505.881
"P33Task1" 55 82 639.096
"P34Task2" 43 47 799.029833333333
"P35Task2" 47 54 758.965857142857
"P36Task2" 48 37 625.347444444444
"P37Task1" 37 38 982.154125
"P38Task1" 54 64 578.400833333333
"P39Task1" 54 56 755.706375
"P400Task1" 54 43 680.398
"P401Task1" 58 46 645.0105
"P402Task1" 60 66 743.2185
"P403Task2" 56 66 492.3972
"P404Task2" 51 57 652.236428571429
"P405Task2" 49 54 796.336666666667
"P40Task2" 51 63 860.388375
"P41Task2" 43 28 1139.16383333333
"P42Task2" 54 34 633.5608
"P43Task1" 50 44 826.853625
"P44Task1" 52 66 661.496833333333
"P45Task1" 54 71 624.833142857143
"P46Task2" 60 93 570.654166666667
"P47Task2" 49 60 753.036285714286
"P48Task2" 32 34 733.960166666667
"P49Task1" 49 55 537.9804
"P50Task1" 38 54 449.597166666667
"P51Task1" 54 57 788.421125
"P52Task2" 36 29 818.9692
"P53Task2" 39 26 1094.0628
"P54Task2" 42 32 728.592
"P55Task1" 53 55 759.716
"P56Task1" 40 31 936.1535
"P57Task1" 45 47 844.827333333333
"P58Task2" 38 26 856.52425
"P59Task2" 40 35 677.321375
"P61Task1bis" 56 61 584.6904
"P62Task1" 46 55 1036.14457142857
"P64Task2" 33 32 710.6172
"P65Task2" 27 21 892.386333333333
"P66Task2" 27 22 640.62825
"P67Task1" 60 68 877.624833333333
"P68Task1" 49 38 948.5166
"P69Task1" 33 21 692.8964
"P70Task2" 40 43 948.3685
"P71Task2" 40 33 1129.71116666667
"P72Task2" 38 52 839.9015
"P73Task1" 60 48 635.7672
"P74Task1" 54 40 687.725285714286
"P75Task1" 32 30 1006.5295
"P76Task2" 36 35 1165.181
"P77Task2" 36 27 852.736666666667
"P78Task2" 48 45 451.4688
"P79Task1" 56 63 648.3495
"P80Task1" 44 50 695.768875
"P81Task1" 44 44 765.7853
"P82" 38 34 712.70925
"P83" 42 49 669.323857142857
"P84" 40 39 668.97275
"P86Task1" 47 48 793.448125
"P87Task1" 47 47 827.9425
"P88Task2" 47 52 672.647571428571
"P89Task2" 48 54 647.356875
"P90Task2" 44 47 636.27225
"P91Task1" 48 58 759.93475
"P92Task1" 44 58 834.7507
"P93Task1" 60 43 569.169857142857
"P94Task2" 50 65 586.049166666667
"P95Task2" 44 31 618.462666666667
"P96Task2" 39 32 519.993142857143
"P97Task1" 38 41 814.891142857143
"P98Task1" 49 50 685.3025
"P99Task1" 37 35 923.951428571429
