"PartCode";"Value";"Participant";"Age";"BPVS"
1;-2.8717172819134;"P01Task1";43;28
2;-0.806928469361005;"P02Tas1";42;40
3;-1.10779513737321;"P03Task1";46;51
4;-0.733007399146222;"P04Task2";39;35
5;-0.485886132213429;"P05Task2";26;30
6;-2.73250674392058;"P06Task2";34;44
7;-1.95255304057138;"P07Task1";35;37
8;-0.803741292977184;"P08Task1";30;12
9;-2.0880956603783;"P09Task1";36;47
10;-0.223257692111646;"P100Task2";37;33
11;1.98385392299422;"P101Task2";48;43
12;-0.0421142074872103;"P102Task2";48;41
13;-0.979935753300315;"P103Task1";41;73
14;1.60222072578682;"P104Task1";35;30
15;-0.593501904736532;"P105Task1";56;56
16;0.185581903323579;"P106Task2";40;40
17;-1.76842509147675;"P107Task2";44;42
18;-1.24482441230057;"P108Task2";50;49
19;-1.04532571640965;"P10Task2";35;30
20;-0.189958841722312;"P110Task1";43;43
21;-0.395838303357974;"P111Task1";44;37
22;-1.18713586867195;"P112Task2";35;26
23;-0.0146004892654511;"P113Task2";47;39
24;3.66918888323699;"P114Task2";47;67
25;-1.93153535648659;"P115Task1";55;48
26;-1.25989888697615;"P116Task1";30;34
27;-0.602283785052653;"P117Task1";32;26
28;2.28980371144103;"P118Task2";34;35
29;1.15150260928874;"P119Task2";31;29
30;1.27777194434707;"P11Task2";24;23
31;1.25013122014991;"P120Task2";26;19
32;-0.888724347850937;"P121Task1";58;55
33;0.625727406216769;"P122Task1";55;54
34;-0.834601118499927;"P123Task1";52;51
35;1.03341504898773;"P124Task2";57;66
36;0.812341509675059;"P125Task2";53;51
37;2.38540601849104;"P126Task2";39;48
38;-0.645721974383668;"P127Task1";37;30
39;-2.78150920152608;"P129Task1";28;24
40;1.43435292937857;"P12Task2";32;40
41;1.40038666321505;"P130Task2";56;75
42;1.29575681017237;"P131Task2";61;57
43;0.818178042128125;"P132Task2";60;72
44;-0.695829994897816;"P133Task1";27;12
45;-0.0498609166306681;"P134Task1";34;29
46;-2.95897426729747;"P135Task1";29;32
47;-3.65767332964604;"P136Task2";56;61
48;-0.749271772480697;"P137Task2";54;70
49;-1.7300171826052;"P138Task2";61;46
50;-1.3874817848061;"P139Task1";27;23
51;-0.0901416013796751;"P140Task1";29;15
52;1.70160474960547;"P141Task1";32;22
53;0.554427192481762;"P142Task2";60;49
54;2.67876378408966;"P143Task2";28;25
55;0.8294720174704;"P144Task2";49;58
56;-0.788075778504722;"P145Task1";31;35
57;-1.07549497798089;"P146Task1";27;35
58;0.271650353669031;"P147Task1";28;28
59;-2.15784183163479;"P148Task2";27;17
60;-0.324205108511228;"P149Task2";29;32
61;0.00407515796919755;"P14Task1";45;19
62;-1.79321980442533;"P150Task2";34;29
63;-1.23876571651198;"P151Task1";24;27
64;2.7139343351197;"P152Task1";33;14
65;-4.54953974938866;"P153Task1";44;38
66;-0.974586210351115;"P154Task2";34;39
67;-1.70961487529187;"P155Task2";32;33
68;0.162106388999192;"P156Task2";33;23
69;1.32298428035878;"P157Task1";26;24
70;0.114299562268883;"P158Task1";41;37
71;-1.67840181278866;"P159Task1";44;44
72;-0.088796708746652;"P15Task1";43;40
73;3.83828526864288;"P160Task2";33;53
74;-4.53825882040897;"P161Task2";47;57
75;-0.524305006961971;"P162Task2";39;34
76;-1.71890318786454;"P163Task1";30;28
77;-2.63361346163636;"P164Task1";44;62
78;-1.85613758395514;"P165Task1";45;60
79;-1.19009151279957;"P166Task2";48;44
80;-0.821374719219761;"P167Task2";51;40
81;0.244698635122968;"P168Task2";45;42
82;-1.56278357245144;"P169Task1";36;34
83;-0.475219788376371;"P16Task2";47;37
84;-0.921171672869848;"P170Task1";51;52
85;0.39514267140199;"P171Task1";62;58
86;0.859453634362511;"P172Task2";62;72
87;-2.41730997820049;"P173Task2";62;57
88;-1.69363997246062;"P175Task1";36;39
89;-2.09161234216053;"P176Task1";53;53
90;0.198475777020049;"P177Task1";58;79
91;-0.0782182124705574;"P178Task2bis";57;62
92;-2.72966525379694;"P179Task2";62;58
93;-0.413345002459653;"P17Task2";45;55
94;-1.08659016697252;"P180Task2";57;84
95;-0.869924457022806;"P181Task1bis";36;38
96;-2.16207233119678;"P182Task1";55;50
97;-0.841754875305437;"P183Task1";62;71
98;-1.74461861812023;"P184Task2";65;56
99;-1.772248895571;"P185Task2";48;37
100;0.760032629807959;"P186Task2";48;31
101;-4.52389153853983;"P187Task1";46;53
102;-3.42533855509879;"P188Task1";49;42
103;1.04708243297404;"P189Task1";48;45
104;0.00364502762911889;"P192Task2";49;56
105;-1.50924613666372;"P193Task1";40;36
106;-1.88397922483394;"P198Task2";60;71
107;-0.45253197024156;"P199Task1";41;49
108;-1.09069625305618;"P19Task1";44;41
109;-0.330575911748893;"P200Task1";31;22
110;0.379656207465076;"P201Task1";31;20
111;-0.538007188291568;"P202Task1";25;28
112;-2.23562594001679;"P203Task2";35;20
113;0.334129904951648;"P204Task2";26;21
114;-1.69396096197941;"P205Task2";33;29
115;0.784280773327892;"P206Task1";30;24
116;0.870337659642636;"P207Task1";34;33
117;0.557228814326996;"P208Task1";34;23
118;1.3210998115763;"P209Task2";31;24
119;0.645466317124887;"P20Task1";50;48
120;0.956221260457443;"P210Task2";28;17
121;-1.24378325829605;"P211Task2";25;12
122;-1.31006500634544;"P212Task1";26;8
123;-4.63559361175971;"P213Task1";33;21
124;-0.134669527314945;"P214Task1";24;17
125;1.32285443457467;"P215Task2";26;19
126;-0.583544970044328;"P216Task2";32;21
127;0.398386098998269;"P217Task2";24;2
128;2.71723553640951;"P21Task1";52;69
129;-1.52822156507447;"P22Task2";38;30
130;-0.279807535415988;"P23Task2";51;53
131;-2.42255589187556;"P24Task2";41;58
132;0.640674731138761;"P25Task1";57;44
133;-6.11945237982124;"P26Task1";54;55
134;1.92570611627786;"P27Task1";41;30
135;-1.98774415509276;"P28Task2";48;38
136;-0.244627016979862;"P29Task2";48;52
137;0.425363946010797;"P300Task1";44;47
138;0.80737647741939;"P301Task1";37;23
139;-0.695453228650905;"P302Task1";47;46
140;-1.72109950058703;"P304Task2";37;40
141;0.308630983773175;"P305Task2";36;34
142;-1.37844586176677;"P306Task2";44;50
143;2.31928929948038;"P30Task2";39;32
144;-2.35530362441163;"P31Task1";50;72
145;-1.55757195912353;"P32Task1";37;38
146;-2.00940144007771;"P33Task1";55;82
147;-2.37421289394889;"P34Task2";43;47
148;-0.238056687719255;"P35Task2";47;54
149;-0.922109566877628;"P36Task2";48;37
150;-2.09461281159712;"P37Task1";37;38
151;1.77091739493046;"P38Task1";54;64
152;-1.05188801894664;"P39Task1";54;56
153;1.86152742534778;"P400Task1";54;43
154;-0.534711403923202;"P401Task1";58;46
155;2.610633926444;"P402Task1";60;66
156;0.853356101316814;"P403Task2";56;66
157;-0.217073449961137;"P404Task2";51;57
158;-0.0939958740186285;"P405Task2";49;54
159;-3.12726108264737;"P40Task2";51;63
160;-0.702487465163685;"P41Task2";43;28
161;1.55364433977235;"P42Task2";54;34
162;-2.74950231541401;"P43Task1";50;44
163;1.89995095215765;"P44Task1";52;66
164;0.856734134885967;"P45Task1";54;71
165;-1.44457125067539;"P46Task2";60;93
166;-2.79919931227254;"P47Task2";49;60
167;-1.59422971286928;"P48Task2";32;34
168;-1.97898167092246;"P49Task1";49;55
169;-0.0111798464015346;"P50Task1";38;54
170;-0.351622895015002;"P51Task1";54;57
171;-1.94252051233865;"P52Task2";36;29
172;-0.307255860426214;"P53Task2";39;26
173;-1.77378894267316;"P54Task2";42;32
174;2.77775287706151;"P55Task1";53;55
175;0.856582136750401;"P56Task1";40;31
176;-1.45829120818174;"P57Task1";45;47
177;-1.57109576470511;"P58Task2";38;26
178;0.945624372411368;"P59Task2";40;35
179;0.538040245302169;"P61Task1bis";56;61
180;1.73793525030524;"P62Task1";46;55
181;-0.581736768904065;"P64Task2";33;32
182;-2.56700064010112;"P65Task2";27;21
183;-4.15973298968122;"P66Task2";27;22
184;1.79068807677262;"P67Task1";60;68
185;-2.13693006031691;"P68Task1";49;38
186;1.45021568105453;"P69Task1";33;21
187;-1.45427908864114;"P70Task2";40;43
188;-5.01892659053938;"P71Task2";40;33
189;1.83624633546441;"P72Task2";38;52
190;0.482539820729617;"P73Task1";60;48
191;3.27552206394268;"P74Task1";54;40
192;-0.154282869258482;"P75Task1";32;30
193;-2.2180549847258;"P76Task2";36;35
194;-3.41565784156055;"P77Task2";36;27
195;1.4900460069391;"P78Task2";48;45
196;-4.77909702653567;"P79Task1";56;63
197;-0.582698635756033;"P80Task1";44;50
198;-0.356658514991715;"P81Task1";44;44
199;-2.31710286056581;"P82";38;34
200;-3.635660413321;"P83";42;49
201;2.32950090014034;"P84";40;39
202;2.73954056033584;"P86Task1";47;48
203;-1.5555309029337;"P87Task1";47;47
204;-1.34376975801668;"P88Task2";47;52
205;1.86393418625443;"P89Task2";48;54
206;1.54189418536667;"P90Task2";44;47
207;0.839864513023937;"P91Task1";48;58
208;-0.867807373529154;"P92Task1";44;58
209;-2.82071116468477;"P93Task1";60;43
210;-1.04485604110642;"P94Task2";50;65
211;-1.15900587838815;"P95Task2";44;31
212;3.07016743003687;"P96Task2";39;32
213;-2.78950488055706;"P97Task1";38;41
214;2.2502250328743;"P98Task1";49;50
215;-3.93709722752731;"P99Task1";37;35
